644
732
-243
209
352
572
-624
-497
800
291
-596
-440
728
-631
-62
681
-403
-589
-277
-444
-265
-592
37
435
462
-84
-962
827
129
986
-853
-948
-639
167
-898
967
-55
-288
-660
-970
-987
862
262
-800
618
-651
267
-294
399
52
533
89
-898
-723
961
-162
-394
465
-589
356
996
298
502
-439
496
-238
719
962
274
932
379
637
-28
-178
-418
-998
878
-347
609
479
325
425
-587
-444
12
-723
357
-508
-331
559
895
-13
-1000
-779
-174
-449
12
-877
-280
204
286
-183
623
-857
-434
964
184
-775
-147
61
112
-724
45
728
-866
-603
-974
-112
-826
-734
682
445
188
372
-113
-78
656
-907
945
960
-855
-581
45
782
-62
-891
-835
931
657
-872
-484
-386
428
893
273
-276
-397
-21
951
839
698
-847
8
-400
81
54
16
-913
34
529
607
-454
-217
609
-35
-772
805
-277
395
-78
287
580
-969
-570
-315
63
42
432
-866
-755
789
-373
284
1
-854
-73
-607
-351
-805
-977
-40
-906
781
-503
-250
91
560
-585
609
-546
852
803
632
-451
-737
-501
-821
32
772
-150
-787
23
373
-77
204
-738
780
-476
140
517
604
711
410
199
94
764
-704
150
-732
353
154
-350
-458
273
940
724
-355
295
17
856
-183
-258
-920
-369
449
149
212
334
794
-870
-380
-822
591
-425
-424
594
-852
387
42
483
664
506
-430
-84
-737
459
-249
464
-16
-528
-401
184
-404
344
484
-957
565
609
802
232
324
706
-707
249
-880
988
-765
871
508
-873
755
-413
-25
-596
9
-913
260
-769
590
452
-691
17
948
441
629
-3
697
-766
405
-94
-729
-457
-997
-193
-541
849
549
46
665
504
104
-13
-410
-499
-668
756
951
-914
-502
938
-620
-787
-139
410
-142
274
-52
-705
799
-245
468
359
-162
923
-220
-138
961
-875
-301
-256
797
-431
-60
28
-500
49
-257
-441
-928
853
-355
-363
167
116
-975
0
22
-726
-366
688
236
-849
-224
34
326
-360
492
-651
450
-865
718
86
268
333
-665
545
357
659
38
937
976
-659
348
-573
593
-749
-35
-272
866
300
-386
-953
208
276
683
436
-662
-865
-316
891
-426
474
-536
52
350
-494
-766
309
15
-328
883
313
545
-716
-566
825
-799
670
400
-606
451
-691
-306
-77
642
792
-398
-938
-199
385
-589
-87
-41
-139
220
-850
247
616
-52
484
297
580
614
-911
-475
-651
181
6
-607
612
-113
721
438
-103
-595
962
-645
327
865
920
-357
-390
271
-125
-569
-101
826
-165
-300
-311
-481
-33
-501
-712
-923
-123
-146
-277
973
123
-550
-11
572
-598
561
891
-457
-65
561
616
2
-860
-927
-412
-353
858
-859
-662
362
180
402
177
-39
840
241
545
-67
787
729
981
996
557
967
525
-16
951
266
-453
404
-98
-873
-834
-474
-766
554
-707
-701
928
-50
82
-522
962
-380
-825
567
900
-380
-162
-165
-933
351
829
-94
-826
-418
-859
879
-470
973
253
145
547
405
145
-300
199
-415
247
161
211
-745
349
825
790
-270
-878
867
-349
-168
-224
-332
-665
-939
-753
-481
278
-325
5
892
-972
-489
600
-808
-452
-872
123
-235
394
-27
-338
474
185
196
-955
128
-594
-26
573
-452
484
-253
-930
-27
-619
-850
-280
141
881
-646
-66
-545
455
389
301
986
-772
-538
361
-697
-397
-763
-162
46
-788
179
277
482
-500
-121
430
-314
295
741
-239
869
810
-383
203
-626
265
979
580
-790
453
-984
584
330
-108
547
-30
717
298
-617
-770
-410
-451
461
-273
171
-210
478
-275
-275
213
366
-54
-268
779
489
846
-457
51
-709
623
-888
602
437
-228
-583
231
974
47
-170
-901
-611
-209
876
345
-275
-128
-516
380
-811
-57
86
866
714
527
-182
372
-350
-548
-818
915
-237
980
475
491
337
-662
-547
-461
533
464
-596
988
372
-472
-263
131
-647
812
-259
-354
-844
456
-683
290
-464
560
173
77
-989
-756
-437
677
-795
460
721
-870
903
801
623
-355
-207
-584
91
595
255
0
990
-249
495
-942
181
-184
919
-372
-573
-485
680
-915
-601
-802
737
154
-938
172
155
-453
-834
-525
284
-672
-566
-675
-393
-835
-804
-622
226
377
-440
-132
-514
-47
-492
743
-349
-316
83
-977
201
-896
-624
-254
133
854
-76
260
644
-260
-361
179
-871
856
-924
-237
-879
-773
-669
526
-647
-921
169
494
-476
462
431
-58
-374
-95
-224
176
460
-182
-947
681
417
-132
620
-728
-272
-307
-880
-654
-821
116
31
63
-71
-253
869
-263
-990
225
-539
-694
-215
-160
-720
358
-868
277
-147
-903
981
121
854
636
-566
-339
-512
295
192
-654
-786
-49
28
-920
-58
684
-378
749
58
200
556
95
918
-238
-754
-888
856
-251
-52
121
177
658
-15
-529
711
126
-184
452
-225
-470
998
865
104
384
621
-120
-734
923
-65
-849
-378
-575
381
-483
-477
222
627
-469
-94
-642
825
731
329
199
910
909
966
-684
235
349
379
-836
479
-873
879
418
-636
-770
-239
335
-620
-575
348
-604
-232
-401
-84
-222
-526
-581
47
-274
-691
549
-677
52
683
-341
858
-32
62
-333
-679
-907
-499
-772
-994
544
-815
679
-145
-474
-174
-875
923
-84
116
-408
47
400
32
853
-447
487
-645
-317
-928
38
130
780
-335
-851
-211
882
950
725
-641
220
642
-163
769
129
-704
-678
-882
733
-108
811
-794
580
984
16
-416
-801
808
196
-960
-360
169
-391
-984
-260
-544
-424
223
762
-817
730
-808
-370
289
-378
-814
-362
-191
-11
535
-294
-370
-2
150
-61
-192
590
919
-835
-948
-104
518
-291
294
-667
-361
-203
-856
-269
957
-732
-852
-462
-515
-675
-920
131
27
-844
558
826
-393
-930
-682
655
64
280
-703
2
832
-559
-300
734
756
804
-180
17
-238
-789
-303
-311
968
-706
-241
466
-31
-719
-260
934
-844
-353
312
-426
886
425
172
-662
538
-358
-179
503
960
335
951
860
-835
393
-383
-171
-146
-82
8
529
722
265
248
-204
-847
463
610
847
-917
815
-33
-889
-125
-280
553
991
-643
365
-203
-153
-911
-228
-822
-717
-428
-897
36
-41
-111
37
-93
108
607
-737
-816
-731
498
946
149
-865
59
-3
871
-496
-220
788
-668
-653
500
324
-743
552
830
-614
76
767
416
885
-119
937
24
-375
715
428
-227
680
774
425
-687
699
-193
866
898
333
-498
-447
-373
301
-854
668
-413
-482
188
289
169
767
126
128
170
360
-995
387
-61
-411
521
18
-696
-169
105
-876
-357
-157
-389
-875
-128
84
418
-495
576
-178
328
870
-166
-981
-459
623
630
-433
487
264
-107
-456
-664
761
709
-823
-813
367
903
201
786
808
-356
-655
-322
259
-451
789
-911
133
236
840
-578
-11
798
836
-544
661
-453
214
-114
-881
774
-29
-921
-371
245
642
-556
472
-763
669
-713
-279
509
-383
-232
-678
579
367
-762
299
-602
-2
-747
-406
-389
787
385
-519
-644
470
-304
-516
-308
-499
12
178
-725
-422
-527
-997
-194
-309
139
209
560
904
542
-125
-348
818
-821
-870
358
-227
462
-468
807
81
759
-291
-856
-928
-868
-468
664
-993
870
11
-912
210
-423
586
-867
-96
276
-474
647
-211
-902
-892
421
-475
-920
-208
724
-899
823
741
-505
584
-674
-124
310
81
-37
-928
-365
391
-652
-243
-166
-70
-310
-991
259
-316
221
275
-603
-63
408
-687
-980
-376
373
-370
-47
-88
474
-624
263
761
-397
-986
712
527
-879
306
-838
925
432
842
-306
758
-382
808
992
689
-893
-972
-12
-830
-60
-438
332
635
957
583
-858
-393
709
587
-130
-451
984
-385
-419
-96
617
303
-662
-849
-658
-269
624
298
357
854
-80
799
-586
-977
-349
-768
410
182
186
591
-119
-243
223
780
-440
-412
-352
472
633
-528
-169
-612
-2
-446
-86
-450
-746
-416
-614
-626
143
-555
-158
592
-686
-74
937
-340
795
-549
-810
-895
-847
39
-941
-893
64
-61
-284
98
-849
-326
-880
-430
-540
443
691
536
300
-94
941
-600
-218
-806
510
-777
-370
-109
370
-766
187
-712
-823
-281
-74
640
-705
908
-464
-214
224
542
357
150
-807
361
171
-641
433
-323
-675
-590
-861
-907
-368
715
-982
-835
-257
475
-697
204
-781
-817
-301
-811
-634
352
557
903
-30
-907
413
751
-54
475
885
736
-553
-813
929
-208
303
642
-910
911
503
-541
833
-751
-126
-608
841
-801
101
893
-401
-636
767
-809
277
-384
-988
172
-407
-619
716
2
711
-660
-606
966
44
54
-761
-408
-266
-269
-889
486
-637
-328
-558
-320
734
924
470
924
861
-197
812
956
769
992
-830
81
-282
-647
673
797
-638
249
169
380
-335
-263
861
-689
-809
590
342
-327
841
-694
-666
-615
553
-366
722
-871
-482
993
-580
-261
-737
-357
901
-121
538
4
-746
164
897
907
-421
-557
217
-796
255
271
-127
-677
-385
-671
614
-575
713
-356
-918
747
957
424
-479
-618
-622
245
78
547
419
-244
-984
-876
-242
154
269
-292
-457
-123
-374
-459
-181
506
811
929
737
31
326
-278
-47
-707
-467
-219
-176
-740
93
-515
-307
42
-37
371
42
-319
679
-284
-758
-439
660
-49
-226
784
-720
-364
743
961
-679
849
721
168
-836
-142
327
-797
517
-575
-118
-752
-378
466
-389
767
-182
-763
553
-969
-588
644
837
-856
-597
309
315
-621
16
143
893
-503
-358
-50
-542
-707
-233
200
61
926
424
-53
-909
200
-979
-884
-757
-321
-199
125
-740
-686
774
-469
-259
426
-323
-953
862
894
422
440
575
-785
250
669
-771
297
-891
968
-431
-501
213
831
807
951
971
-223
867
835
587
709
-174
960
-247
690
114
-937
-315
-163
944
-29
267
-191
-862
-563
-966
-50
839
687
-650
577
-267
803
272
-13
-546
-787
-717
-41
-71
-704
890
-495
-210
100
481
-41
275
451
734
-235
647
-316
-380
-838
-319
-100
-616
245
929
-838
352
164
-203
-724
-534
637
283
-381
-507
41
-588
-609
56
232
764
762
612
-110
-747
-311
558
-380
-220
-166
-725
100
154
715
-548
194
594
854
-962
638
-130
425
-624
-249
569
-324
249
-678
-338
227
-651
21
88
371
989
89
-774
-456
666
-748
-219
-926
-456
297
333
-26
781
30
48
277
196
-68
599
-763
-389
-267
654
-279
-554
387
474
604
-378
-141
59
-659
871
-114
171
-323
476
-795
72
-550
375
438
546
-187
-336
-2
-732
-578
-529
315
-782
-619
78
-109
-856
-349
311
-415
198
-830
-731
430
157
-474
893
392
-37
749
-524
-566
65
740
703
-736
-641
-792
983
845
-203
-462
894
-535
119
560
-324
236
-96
-787
886
944
-896
-919
324
624
-249
-574
918
-670
-413
231
860
-372
915
104
-191
-497
354
-546
-787
-470
963
-601
830
949
446
169
829
-247
555
-25
779
-243
-237
813
386
576
-868
-858
715
574
231
-668
269
605
-172
-215
-993
126
97
-40
-982
111
607
-71
469
889
-446
-860
875
118
120
-506
-668
-191
-766
570
267
689
575
758
233
927
-59
-835
472
210
-87
-141
470
-68
-591
-655
370
553
-12
-481
287
-624
165
-814
-682
-359
-294
963
-945
305
68
-707
-314
-144
391
907
-884
701
161
-844
261
66
-551
828
-296
131
949
-213
110
448
-346
835
377
538
926
226
364
454
-547
-271
-424
406
-13
167
-449
-106
136
107
260
-903
268
690
-730
825
37
-731
265
258
533
869
-167
-207
590
303
-356
193
236
337
653
-974
753
-737
428
-64
-729
263
983
-608
-89
-831
-260
61
224
989
379
48
174
2
595
-255
-784
-888
443
8
-329
638
-683
200
353
989
955
377
-629
28
334
-312
-54
26
-420
675
-969
808
982
700
561
913
660
-85
385
160
-703
-730
897
-58
-317
677
840
-600
-221
615
-549
-308
818
934
983
446
-426
107
882
15
-247
-957
816
335
655
-702
-203
-580
161
-201
-244
-402
982
208
-673
391
-997
973
-309
807
-98
506
827
822
983
656
-618
113
389
492
257
570
315
-618
37
-225
347
128
982
849
796
879
-629
-575
-993
-586
222
-616
-141
-527
681
445
-264
-928
-157
304
-373
-857
-249
-463
-647
562
163
547
-311
362
975
625
-248
712
-777
628
141
-605
-178
-43
552
340
106
547
226
664
846
-956
-753
936
253
-862
136
103
627
147
912
-593
-332
296
592
-674
554
-197
524
137
-551
-854
-389
852
277
-70
141
-750
-641
-560
1000
929
597
-849
618
-697
252
772
-814
-416
24
-960
-241
-491
-632
805
779
-291
535
692
970
43
934
-599
177
-61
297
887
196
209
676
255
-512
143
-318
163
-483
434
-767
-444
322
-527
49
420
166
128
-487
-3
-67
418
349
-851
315
626
283
-568
907
547
538
420
-448
-366
-953
468
805
-601
894
-817
-331
833
-592
-286
966
86
984
-636
-69
-924
41
77
-929
-222
-811
-55
-654
238
66
-318
402
-967
-901
109
578
-172
-607
-390
-998
-778
65
897
868
653
-778
480
-847
219
-132
494
380
-117
-902
908
78
-787
782
-279
194
449
355
914
593
480
747
-132
943
514
-66
-862
-329
-64
19
-966
950
59
740
442
362
994
-96
-819
332
-879
-536
673
-690
374
-400
824
-855
-878
140
-518
-783
-687
679
566
-715
701
-137
-270
71
285
-962
-12
759
890
-704
-168
-613
-843
987
337
-554
-883
569
-316
464
674
-5
102
-56
309
-816
-598
-672
-196
51
-61
-661
-789
557
795
925
-688
-267
880
-919
-484
-899
-445
-560
-70
-909
406
-468
591
-924
556
-291
38
-111
-760
-544
-962
12
-911
-976
261
-846
-794
-282
870
-912
533
871
952
860
-207
785
-785
-899
857
-600
446
335
39
-536
-857
-929
-214
-568
978
-192
-373
694
696
-587
-860
-666
-236
814
-563
167
-880
-965
-247
-762
-576
-1
467
489
-481
145
-65
-168
-159
543
441
59
336
-747
570
-871
-828
279
-818
-233
-23
324
-347
769
398
-591
397
141
337
938
686
156
686
-597
27
-120
-247
-936
-582
-155
596
-935
148
114
162
-46
-318
476
737
778
-928
882
206
117
817
-424
644
-976
685
725
-352
938
-886
-354
891
-416
76
-984
867
-167
350
-417
-348
-126
827
-931
789
499
952
196
882
-78
-70
348
-898
572
160
-888
763
-995
-69
456
-217
-40
-289
-401
245
-587
-75
-967
-311
773
-91
-417
988
902
395
-486
-97
-956
-333
-663
-311
-997
627
859
-181
-597
838
-199
-15
180
272
32
-984
-923
55
-149
-330
-269
305
181
-296
355
-780
620
650
433
263
747
-209
-989
22
-977
-243
-789
781
-303
-234
-556
360
881
115
-834
329
-854
105
956
-847
-846
165
811
-564
165
895
-26
-901
-442
-549
-237
805
-497
-672
-37
-46
818
28
-927
-640
71
673
-163
-542
729
989
12
459
644
-553
-499
207
-212
324
-676
22
-427
-764
-913
341
-977
362
0
36
430
160
-21
-98
-435
-709
708
814
-280
34
668
-145
997
964
-751
-368
-734
-987
-638
574
401
-342
-395
-512
953
817
189
-948
837
666
-428
-794
380
-855
49
-612
-470
-350
-147
626
656
-230
252
386
-924
627
-833
920
160
-835
66
612
271
531
-237
710
537
255
628
-583
396
-71
-99
-179
227
511
-962
-12
109
93
-870
613
-498
-401
342
22
161
870
731
-751
617
909
696
-498
24
101
305
-921
-625
208
23
-479
817
-820
654
-439
-156
738
919
768
-502
-850
226
96
304
89
397
-758
536
-295
-403
-425
488
-522
746
418
443
-219
-186
972
-421
-161
525
569
-641
108
941
-788
811
40
-765
787
-42
-362
613
149
-71
185
232
98
897
-512
-214
-473
-610
925
-493
-907
-70
36
282
-353
196
585
226
-796
935
824
-352
-420
-366
355
-390
-578
-539
518
-123
388
-270
-698
-696
840
-872
-916
0
692
350
-656
772
191
308
16
-298
-340
835
9
87
760
578
-808
-280
-576
-862
806
817
380
47
-67
577
611
-875
-96
113
-999
-224
-234
269
-63
-205
-644
-183
-699
388
-556
523
497
960
-383
465
706
320
-615
21
-611
356
804
-545
-223
575
909
699
-796
-565
-239
-835
-256
520
520
564
34
878
-788
166
272
744
871
-605
-850
-869
534
-868
619
-733
-880
25
-403
-519
169
302
816
392
477
-670
-491
-584
-439
-846
-925
919
-700
-30
93
931
485
-485
867
932
-921
-578
-723
814
253
-628
-565
-386
576
-793
-521
-883
-677
27
-399
731
780
-532
738
-49
-891
697
-996
812
563
-160
-699
-428
-725
-343
852
808
646
-734
-744
126
135
442
-333
768
638
-298
-955
356
298
167
-867
152
271
-392
841
427
-671
612
-428
-123
988
815
-183
-157
897
-422
834
508
-923
985
-28
382
-672
763
-417
288
389
563
155
693
-407
557
883
-82
-221
468
148
-622
-725
-439
-66
-698
-68
271
-387
-228
-144
318
451
-137
779
-405
-278
145
-587
624
574
718
164
-68
-982
115
-612
-867
535
-583
891
939
747
819
289
-234
524
149
-839
-556
938
-370
-702
793
-916
248
165
-156
-514
707
-299
-204
24
349
49
-946
32
-512
-498
-685
-13
-910
-122
-169
184
631
962
302
508
290
-900
953
52
-373
-235
708
-997
989
-640
897
686
-230
-955
23
48
79
-264
-237
-944
-902
-58
-478
402
493
-70
412
-876
-711
-345
49
545
-176
579
-459
-529
-501
-155
877
-484
-925
-275
238
-488
-327
-593
413
841
1
931
446
262
820
394
-171
-256
540
-407
-611
-668
648
-584
870
592
153
-445
152
601
785
815
629
-17
112
173
-32
855
904
-510
-88
771
526
-445
398
-921
-221
-342
-125
472
675
192
270
63
183
864
444
-293
214
-897
739
421
308
62
-918
707
-976
453
-188
355
617
349
-170
223
785
-377
872
-401
325
252
578
-504
424
-545
-868
-115
-483
-67
889
-224
-508
-297
-916
795
582
50
148
495
-243
982
346
959
669
-34
513
-506
465
689
-827
-358
-969
44
-470
297
-342
132
122
680
612
925
-292
-544
-716
-527
-291
504
74
-604
311
-368
523
-587
697
-425
-693
-873
318
-891
-199
513
-89
944
677
188
663
-254
363
340
-180
635
468
-271
298
-616
539
259
90
-566
-484
-285
131
-475
495
-659
-430
33
161
933
67
-18
110
188
-945
788
-958
82
-419
-463
-16
934
-473
990
-268
-59
-778
-182
602
550
-125
-489
-594
-971
-378
0
37
592
92
135
-444
722
242
-687
514
288
-171
-142
676
402
-606
90
303
-732
-220
-269
228
663
391
-905
755
696
77
-655
-901
-179
-399
-314
817
566
-480
-563
682
-152
-571
561
44
338
-373
650
-740
-604
-2
411
-570
-263
-568
-697
-473
354
-895
-352
-439
292
-519
-621
222
94
-890
303
-755
55
-320
49
976
548
-267
-847
414
-247
986
-552
284
335
730
-917
663
-152
-801
-300
-450
-552
352
-506
116
-143
-527
-343
549
-458
-951
462
-195
981
-198
-316
364
-241
794
492
-270
-336
472
-700
966
-191
928
-787
468
823
434
-891
-247
801
-829
838
-236
-876
-581
979
-910
708
-801
-626
-980
843
101
-248
32
-417
954
585
-717
-228
-149
98
-836
291
979
737
-241
-247
-755
-473
137
-633
399
-745
161
-146
-874
-220
-351
356
130
-144
-3
-10
-256
-758
748
947
843
-139
-689
968
275
-770
661
-485
-295
887
764
724
534
-993
-722
-536
263
8
-412
-752
-139
408
265
-592
-594
-109
262
19
690
-354
-752
93
984
500
-164
303
530
-654
-386
817
-427
935
-610
-743
-873
-212
177
608
219
-860
57
790
-429
897
-451
-15
-475
186
624
-994
342
142
853
743
-408
730
-213
206
-576
220
-797
289
259
-698
527
-35
625
-67
-414
-846
-894
-60
225
-998
-252
-93
920
-356
857
-636
664
-561
-372
12
146
-697
-247
-481
108
902
-222
629
-350
885
892
712
160
391
-440
-711
699
-365
-900
-934
196
316
725
-601
-937
-129
-144
504
-537
739
-748
-448
90
-47
535
-645
250
-681
-108
-535
-914
892
906
-718
230
-368
816
-354
-893
993
-693
491
-971
955
862
-861
-593
-246
-168
421
93
930
678
665
341
576
-57
-370
430
85
851
-957
46
-410
-433
-557
-612
924
161
751
-113
-588
930
-8
-735
-633
-968
705
702
-542
998
-153
-911
-658
853
-500
-15
-337
-180
-544
-939
-333
171
-770
783
-941
87
329
954
-564
-427
-374
-492
-618
-577
797
124
153
544
-669
-727
-877
-54
-83
595
-845
-339
-340
-968
303
-543
199
369
396
637
863
-454
468
-235
232
988
-828
579
-4
221
-879
-676
-678
-43
-174
825
585
633
212
659
650
-283
46
13
-548
994
-213
945
-793
316
289
-740
211
-743
562
45
85
-660
164
156
-560
-980
-864
301
-139
-608
769
767
445
-155
287
28
-19
535
912
-462
-727
442
982
547
-59
37
-575
-152
-584
-437
-276
386
555
829
552
663
-684
-440
-857
74
18
370
-757
704
-687
-960
-646
27
-343
226
-381
484
583
-778
-461
946
841
242
-988
-503
837
865
211
910
399
704
308
540
-687
-273
-778
-748
647
769
-645
-601
536
130
73
-708
-308
51
-335
-566
-749
518
-464
180
605
698
554
-641
270
-729
225
893
417
716
-616
-740
98
627
-435
377
-340
712
-696
-339
-680
435
-681
-653
571
-867
794
-104
-422
-207
-147
-577
-694
-6
828
655
749
-919
353
-195
231
991
-261
180
-729
-994
-878
844
772
8
-849
515
-961
-247
-623
456
-650
-461
58
-838
-857
266
-157
-287
601
-480
-590
-372
-560
-464
741
-266
-446
982
-669
727
-374
194
-52
954
344
383
425
-644
-749
329
-837
-988
-711
823
397
-859
797
353
652
168
206
607
-451
-457
-224
-35
-687
380
274
-893
-668
722
44
484
235
-379
491
407
-104
-912
18
501
197
790
255
-354
-546
-749
991
339
280
-177
-305
300
55
-622
686
-550
-411
-377
-744
-92
426
-622
717
462
814
519
519
552
-566
131
378
-556
576
-964
-671
634
768
-508
622
-350
-178
966
566
122
301
676
-484
-901
-432
260
-480
554
752
-688
-122
-860
-320
348
-495
-856
-422
976
668
-611
622
456
-690
540
-111
-858
-685
926
-89
-825
71
-570
8
665
498
-291
877
953
-760
-13
63
-102
-478
-317
650
-22
773
-863
-371
-609
994
721
-607
467
-372
-796
-897
532
865
-179
-91
229
-455
438
620
-478
873
-386
-588
11
448
309
631
755
872
-511
711
-277
-281
-450
-529
-944
232
-578
-232
564
-411
911
-53
-461
597
-207
157
-310
34
-158
-798
794
-949
809
-181
-595
-648
-552
590
-989
826
99
171
-969
-1
-283
116
846
-162
519
616
-582
291
-778
-555
-390
-798
645
775
912
216
545
838
852
-924
579
567
-180
-977
555
28
46
-746
574
839
-368
-62
-223
-892
-453
-488
-794
203
-381
-287
227
-291
56
-852
940
-924
-243
736
-11
222
-718
-228
977
421
385
-103
410
-931
442
402
907
-792
31
856
618
201
337
-751
-251
-639
385
-603
-555
137
-117
31
-63
404
-82
-733
145
400
319
-443
905
-710
-769
-665
-523
492
197
-633
-192
807
80
-814
743
-346
29
-335
726
-119
356
963
521
-359
342
-626
-585
712
743
-460
-783
720
-576
-732
488
18
56
-1000
-367
-348
-404
-900
-374
647
474
712
598
-945
-374
-170
507
0
590
-915
660
-977
-344
145
567
-780
121
891
115
-975
-867
859
516
1000
-721
381
-466
296
661
957
-801
-57
-567
-714
244
-136
319
718
-496
240
-150
114
-578
-367
728
-479
-792
822
970
647
648
421
491
-992
-296
189
113
-71
334
1000
-938
860
-150
-369
-585
-129
724
-433
-546
-740
-455
-783
-136
-648
38
-310
766
-764
-352
-771
113
160
23
696
209
612
369
-294
104
-984
-750
170
145
813
-481
121
-747
-598
-550
27
-278
-418
-406
912
-873
-233
279
-874
-531
734
-936
992
109
559
-682
-564
958
48
382
-166
481
809
389
554
-807
677
55
-810
295
195
385
-783
324
-714
797
141
658
26
774
-785
-202
-978
776
-884
-773
-529
19
-854
-394
-321
-489
-154
530
652
723
758
493
-713
196
-320
-458
289
-202
-410
10
686
756
-518
-824
848
412
929
613
-433
247
-187
173
-957
295
265
368
799
-166
-234
654
-181
250
67
-56
-807
-307
-454
572
552
-284
265
560
-230
-165
-35
-413
-649
317
529
147
86
-909
-506
-387
918
476
190
-761
18
-129
-150
-863
-361
175
685
-174
-616
261
-954
-993
-837
-622
91
-992
988
-453
-573
658
828
-215
777
7
-396
705
-665
676
-619
-411
-682
229
-563
-100
571
-172
-97
379
-913
-231
542
323
-384
-232
430
-45
743
-129
-662
-586
862
895
-377
-763
268
-884
-895
763
335
702
-717
-13
649
651
-401
768
747
-725
515
-637
-770
-575
264
578
-791
-464
734
821
462
794
45
-504
-12
255
775
271
161
402
85
717
-537
850
99
-742
608
879
889
-342
-257
-537
317
-64
-936
-859
-510
-182
671
562
392
-247
740
854
431
478
595
542
991
-426
-751
96
-410
809
558
-820
762
-441
-320
-390
-288
924
494
464
-160
688
508
319
-210
-661
346
578
-261
247
955
-378
40
-569
-681
49
-972
421
434
683
732
949
-816
-190
661
-434
-633
933
231
-592
558
-906
-344
548
256
672
-154
55
162
-625
915
-359
-256
664
67
-418
-236
11
102
-651
-456
-228
333
29
681
893
-168
-824
492
884
-670
-31
-405
-252
-226
-634
705
-172
-975
-700
-41
382
312
149
554
-655
-53
641
485
-914
-89
-927
647
-39
-607
-680
852
432
878
399
965
931
-865
370
-917
-790
-256
226
-935
-822
147
568
386
-870
947
-880
363
190
774
692
-124
732
-654
-288
-490
-261
-196
-603
955
-185
973
534
883
726
-576
-537
436
764
-414
228
806
494
-661
273
-828
-610
-493
231
-981
-557
788
-687
269
-905
-493
902
205
704
753
-834
-244
961
260
878
-468
673
-405
-1000
57
738
-564
-323
-489
584
415
786
857
-707
-29
345
439
-388
803
484
-868
-12
269
-882
-577
-613
-167
-252
-87
-372
770
-500
400
-20
-351
55
778
-132
445
-244
-501
-834
573
-194
315
250
350
-43
-705
-105
360
706
-720
830
946
-992
-516
-845
-144
231
-596
-326
-690
-447
-357
-136
482
-735
683
32
398
-101
881
-123
-945
468
-686
518
-876
-675
-216
354
-167
-628
-276
-989
940
355
-716
-379
-994
-373
-489
-532
405
965
114
-872
990
-270
985
-457
153
-106
909
-167
694
458
-235
-898
-532
169
-112
-240
811
-758
211
117
-832
-954
823
577
715
-855
970
-960
552
-988
-934
899
-180
-732
167
706
-93
-295
884
118
-942
949
870
-102
258
845
616
77
417
922
-43
-994
577
-726
559
533
-219
-689
883
720
312
68
321
-277
575
871
746
-927
-841
430
-180
150
-148
-757
-798
359
459
-473
498
-62
-736
354
-392
88
989
-84
-318
451
618
314
473
273
-72
-696
-788
722
579
-579
294
-622
-150
-560
-146
294
124
333
677
849
274
426
849
315
-659
982
320
-431
-966
162
320
-339
225
-795
-400
876
119
-169
-680
-674
198
-957
189
289
-145
-444
210
597
-67
-517
-989
551
-566
-435
58
92
399
24
468
229
872
-893
212
49
-949
-150
119
-409
-947
-684
-228
-44
-57
293
-928
-602
319
-724
-431
-17
81
-464
530
-864
963
-859
206
-867
-149
-570
-720
-282
206
-976
-451
-440
576
-682
-234
-667
81
724
-774
-502
-760
398
41
-752
468
-505
-100
456
48
345
761
561
-181
577
932
397
-605
60
996
499
-686
-268
-601
-696
575
562
-419
677
-607
534
847
-919
94
229
316
-841
-859
-513
-661
-232
462
-193
-584
-36
799
-85
-833
191
910
-577
801
202
274
170
50
628
-467
-680
714
926
16
-44
864
-932
866
-767
864
-142
692
280
754
-25
645
584
482
-209
449
126
-285
357
-34
654
656
500
-373
-466
-592
-401
751
435
-544
-736
617
978
128
798
-838
-248
-604
-747
-402
-38
-617
690
919
-906
-211
-89
433
-4
-354
856
410
811
-435
-254
581
506
-249
319
-403
-759
986
934
-702
273
-534
676
171
177
-241
339
358
-743
-985
-889
-4
-911
-734
960
931
-304
674
448
-578
426
824
-980
-233
-189
745
533
-660
192
-896
-966
-213
-38
252
-574
-332
843
933
686
-821
-73
595
-137
-428
-750
671
-99
369
41
-856
-398
999
-292
839
590
197
445
840
95
-981
-578
259
723
-535
901
-107
-729
-858
303
835
-595
963
-562
34
-188
209
511
664
819
-597
-682
-23
-77
-315
-461
-177
-441
775
976
911
-68
-547
-562
880
328
-620
-307
-799
263
916
-92
-452
-755
77
244
678
274
881
53
33
357
-751
-188
-890
906
728
-863
-189
-50
457
-125
-823
-136
-287
645
775
-674
-802
911
454
544
-404
-134
683
613
884
-230
512
871
36
806
928
398
240
-996
-86
-317
-856
75
-751
-254
950
-187
136
489
425
319
77
-532
-974
-965
-890
206
-450
53
-99
945
-397
-994
926
-373
538
294
-652
-825
527
-415
-125
-370
325
-614
221
562
979
737
552
-524
194
653
252
-373
-504
-836
456
-476
694
978
-379
216
-755
485
893
-575
-112
528
-572
-164
-319
-750
138
643
2
-70
239
976
397
-181
-302
-312
846
-876
-271
264
528
771
334
-773
-380
387
-242
-395
-533
-928
-421
236
-326
816
-361
-118
-28
-478
879
-626
625
-811
480
475
981
423
-29
840
36
-56
541
49
-122
-667
-975
-194
-695
-437
631
276
-528
381
-66
-289
535
719
-103
285
777
593
197
-849
-657
-474
557
619
639
356
429
763
-233
938
-901
329
-731
-80
-765
435
569
-47
-523
-917
-588
-14
262
436
984
817
-525
-510
231
297
177
968
-726
-678
-30
-965
515
480
252
-697
-387
-47
-898
-697
989
-33
-128
244
-560
811
-204
-25
585
718
-339
-897
-665
740
723
-698
7
-228
908
136
-287
697
761
-694
-716
860
700
-161
-813
-643
-967
-188
21
-435
-58
-789
971
494
972
303
-290
75
-765
-752
-302
-118
460
-117
-670
800
-105
-182
-155
-557
612
-756
-105
-327
90
-128
-14
740
657
-701
483
950
-878
962
-622
-978
-404
-715
881
-51
267
769
-47
59
-138
198
-105
-154
104
-695
-591
855
-380
822
-926
570
-291
349
250
144
-314
41
890
-283
15
68
195
482
-25
915
-188
30
391
-534
935
-932
6
453
247
-895
-168
967
642
686
821
955
-286
-767
-569
-173
751
-277
989
-226
-933
348
631
609
313
-386
782
-70
-665
-276
-823
483
903
859
-526
873
633
913
-557
-718
495
650
-49
-72
674
839
-638
722
-610
-511
-695
-79
573
364
-797
-567
-869
-893
883
-890
-168
0
-500
-237
-105
-505
942
-862
627
-389
-305
537
365
175
-363
234
157
-179
-125
-509
-623
-744
270
879
-606
763
-965
468
-394
419
-232
294
945
-714
-820
948
-841
606
496
-729
-763
-784
-390
-959
95
-197
-77
-510
266
755
-340
-200
216
900
72
-193
649
229
338
400
-700
-910
-867
287
420
409
-680
97
665
871
612
-150
906
-993
-287
23
-738
-943
569
448
-203
220
-289
-155
949
-299
84
355
-911
276
-365
725
873
-650
-248
488
466
478
256
274
-289
-352
-388
-111
-474
-233
574
-71
523
872
-112
634
893
3
245
647
645
12
559
-661
-620
-516
-475
961
806
999
169
-586
-977
-632
-44
-495
-160
415
374
729
595
201
-807
954
234
240
-836
183
-535
620
869
-590
-176
-447
866
-651
-16
-415
-237
7
-434
-864
-12
-633
93
251
51
630
608
795
-953
12
480
663
-667
-576
-420
-794
254
645
619
821
-317
-382
-665
33
564
-567
343
845
714
425
-223
616
-90
472
767
504
521
-389
783
839
591
575
281
832
-303
-262
-353
-136
-134
434
-179
323
-591
417
-502
-707
-305
-521
-963
850
-771
221
283
-219
560
606
-251
449
-186
181
845
132
762
323
563
-180
732
-942
559
593
186
353
-26
-802
-651
510
945
444
-323
667
327
831
1
431
875
-625
-600
-842
152
475
494
-588
913
-860
-205
545
917
204
819
-3
-560
-169
348
-689
226
474
-76
909
-517
-594
-815
-361
-995
480
-196
-689
690
-596
-219
-857
655
-22
-798
281
636
709
352
-530
-924
304
-234
59
-446
660
938
134
13
497
-745
852
-445
-110
-438
-838
536
-576
-140
350
-934
-387
-391
879
-616
-425
607
-419
295
484
-656
245
157
798
-90
-927
500
265
699
4
199
973
344
800
608
-546
728
747
154
93
-676
645
-841
-973
409
275
838
-184
115
-32
305
366
-193
-970
-516
-397
-823
497
242
414
-887
-137
750
-573
-172
385
939
-119
859
-31
-71
774
-888
432
23
-225
-483
10
183
-847
-566
14
-287
-887
689
660
-472
-27
870
481
-19
374
-110
37
-263
-1
907
-793
-425
199
138
-687
-981
-360
181
554
576
642
-630
-684
-514
-255
-183
-727
-453
410
189
170
-452
-698
-360
-76
185
-706
-797
350
-894
-224
289
143
-143
897
-867
833
-138
-377
-953
189
8
236
-530
-227
-674
86
813
30
-637
322
-733
573
888
496
412
-373
-758
804
-52
-644
662
358
-929
169
142
-541
-297
310
247
255
-467
52
538
-781
319
-89
-994
-762
-875
941
434
662
41
49
-800
691
-84
-252
-940
178
745
-819
-309
505
-118
-84
-217
-14
-788
-524
652
581
400
326
-67
829
277
508
-532
993
115
925
145
608
-787
-173
580
-770
-803
-733
-502
-717
525
577
822
-213
823
82
684
567
-298
845
-762
-68
-539
273
-60
667
141
-190
379
88
-818
-388
349
-414
-30
383
575
979
939
-913
186
980
-140
271
-708
238
-970
785
764
89
368
-524
772
-454
238
-307
254
339
-662
318
-319
-526
3
-628
-632
-698
-652
-360
-204
446
437
232
86
411
-359
293
-885
751
-753
-899
-524
-330
785
-416
761
-624
633
735
-272
830
53
-491
0
-820
-241
111
427
-769
-832
843
-19
582
727
-965
-914
422
968
-182
661
-65
229
-642
785
-24
763
-355
-25
-247
831
-27
23
-968
736
342
-281
-668
-980
-778
150
165
457
-28
622
398
-877
-352
903
-140
805
-784
17
-264
-938
-874
162
-597
948
104
827
679
-999
-674
-185
-650
893
-76
29
123
815
525
-726
117
317
-270
-164
122
-964
-699
-432
-898
-12
-263
446
-294
-688
-20
650
120
-820
36
-512
864
-455
-801
118
253
-299
-38
-6
592
-971
119
108
917
280
-270
-846
305
-135
231
-778
723
974
711
-395
947
197
638
691
-578
-650
-255
-147
834
-188
-190
169
-338
-772
249
-435
-91
674
-753
-703
-809
450
-298
-144
-638
-946
578
619
-863
-942
-46
-19
-638
-651
-703
348
965
-632
757
-973
456
703
994
-254
630
-519
-489
409
590
-93
-825
5
-629
-216
-868
-763
149
-437
169
19
-396
-874
145
-21
816
198
804
219
181
734
-698
208
530
-923
363
-158
-822
517
-937
446
206
820
188
527
-281
-701
-990
206
-784
-285
843
-736
-216
-595
-276
0
-199
18
-987
-632
-863
547
-803
206
347
260
-460
-453
-450
-302
487
-448
358
-911
161
-134
-25
716
-637
353
870
-204
-810
-434
-255
-785
-15
729
479
823
651
-35
19
462
-897
142
219
-757
-823
834
515
902
320
-145
-967
-44
586
-714
3
-174
892
-524
-979
-508
297
-197
318
-507
924
-700
-782
726
-528
291
-616
966
964
778
627
441
-406
-889
382
-232
-78
522
470
-280
835
406
502
-471
832
792
64
-170
-766
-127
554
-252
824
126
397
782
-504
-18
-945
607
-966
793
572
123
227
571
453
245
110
-865
-960
689
104
356
-163
-876
473
-64
-906
849
660
-788
-913
689
380
-864
155
-125
69
104
443
-803
544
-733
-572
309
451
858
490
38
-172
246
-240
-589
917
-956
477
-939
696
994
727
902
619
609
845
-712
-540
929
945
-471
-878
564
-282
-677
-167
220
441
-894
994
-798
-501
260
85
58
-266
367
321
-49
9
-53
933
-368
-544
-985
434
719
291
-265
377
434
-836
531
-614
-92
-15
-637
-97
-896
-926
511
-154
97
120
-460
336
-819
-705
948
198
320
644
-99
-976
-56
401
-12
-509
994
42
-72
45
584
-196
-80
-339
-417
84
-287
-332
957
540
-682
103
-463
72
998
580
852
551
988
-517
686
633
833
749
407
939
990
543
-906
-424
749
-21
-591
-708
699
171
-549
-959
82
160
-640
-706
-48
265
815
-337
-763
803
-799
738
494
-942
470
-275
-721
884
-711
698
-1
-994
50
-478
-657
276
907
0
111
-358
674
-602
864
3
-714
-938
-279
-605
-445
605
-32
792
-299
-369
-746
329
222
-121
-481
637
-557
240
-889
-968
-774
-845
259
549
671
748
-462
-428
-831
609
-181
-599
105
-522
-451
507
946
-264
781
854
-157
444
636
-410
838
-216
-550
371
956
-793
984
-678
-64
593
-287
422
-937
745
974
220
-435
-900
-952
274
670
-297
490
-990
450
75
-363
685
-449
776
-734
740
-132
865
-143
-650
-146
-183
823
385
860
409
855
-154
-613
-716
422
232
-728
635
831
906
-967
-442
128
536
-621
-550
753
702
-587
161
467
-225
792
-465
684
816
-186
490
-248
-225
762
-267
-331
528
-856
462
791
-447
156
-898
-687
-582
-875
59
786
887
825
671
865
177
613
-548
681
325
-623
47
440
505
544
-727
-747
-345
-731
-675
-986
536
-154
-371
369
-473
789
-380
-938
-28
936
157
278
-827
-427
-719
-241
302
250
120
304
717
-975
-185
201
47
977
303
-559
-333
-867
235
-693
217
364
-26
781
484
-376
938
-311
10
341
-251
464
416
381
636
-801
705
817
742
-480
978
748
-668
64
-840
-867
-200
640
-763
-95
-775
866
-700
-722
868
-563
-122
318
389
-225
686
-231
686
-522
-268
665
-558
562
8
816
-380
773
269
-96
564
401
259
-542
254
-990
317
-910
222
-844
657
532
745
-545
795
-716
147
-4
329
-839
-845
180
-178
-878
-50
-250
-149
-890
-313
-222
905
682
-521
260
317
161
-98
139
-896
-164
-806
-325
-107
86
-669
57
994
-145
459
-15
-469
234
278
958
-651
980
-920
-504
-388
854
236
742
-515
-219
-260
117
38
-866
-283
25
188
310
840
631
-173
-986
-488
-195
-780
245
-26
604
839
357
-122
539
-507
-835
836
-855
-299
-418
-429
-558
-504
-371
-359
-246
705
781
614
465
801
275
-858
-730
-298
-881
532
296
59
95
-736
644
495
-42
-895
923
974
358
-561
953
-886
32
291
-588
804
-323
636
-377
-86
-149
798
-834
-286
-402
842
-455
371
-999
860
228
49
159
551
-866
-969
223
-859
763
352
-407
-456
527
-655
-697
146
437
-955
564
-221
880
-145
187
9
708
-871
818
570
-571
-203
446
146
-917
-561
140
412
-351
-552
-368
531
-912
364
217
273
-886
985
103
-488
-306
-58
-528
8
9
-837
-621
-304
-439
94
-785
440
688
-154
569
409
261
-541
329
238
442
-429
361
-527
-499
-706
828
-571
269
462
-772
-416
98
606
806
979
-297
-463
537
79
411
-194
-159
-703
-367
-389
-147
968
491
-580
265
343
-762
-193
190
536
683
398
448
226
334
-293
775
718
-701
417
-403
179
69
-537
645
905
71
9
-640
442
775
929
830
-716
-387
-207
-331
931
-354
146
-398
767
55
-315
708
837
658
381
-506
381
-339
486
917
-926
-332
61
39
460
-835
-738
-472
-997
-996
430
-254
-447
-500
454
-501
490
-7
809
393
435
-689
424
-871
476
88
-734
417
144
665
-6
-442
-500
-661
-635
232
-654
-600
-364
-731
0
913
-9
-654
-813
912
1
-285
-46
227
371
-766
530
422
899
-360
289
715
-454
866
292
736
-436
850
431
-837
499
-239
-791
810
-931
-288
67
-928
-271
-484
392
-725
-863
-604
-182
798
617
557
-473
-700
-5
872
-556
-977
584
-177
800
-55
-690
-935
-111
221
-604
608
228
-281
365
44
-366
-552
519
-960
748
836
-201
-207
-299
-168
-674
-743
941
162
926
787
267
-136
-412
371
359
139
773
-825
112
384
420
-493
-690
-212
748
-109
112
471
-536
-331
-222
615
-105
-715
-905
-160
-192
36
-759
436
339
-239
-337
475
668
-299
901
-290
448
4
526
457
640
301
-475
-231
928
739
418
-134
261
623
54
758
457
-963
537
708
122
385
320
129
692
-898
-388
443
445
642
-716
690
748
913
-11
790
449
728
-2
-760
-809
86
-607
941
944
313
757
444
627
144
-10
-655
156
-718
-314
433
209
695
818
387
-287
539
-212
-626
-781
-982
-727
245
615
-205
-505
-510
779
-22
9
-473
-809
269
439
872
619
-993
528
-828
424
872
743
-110
-332
747
-793
-87
-338
-577
231
827
-354
-268
-299
523
-106
-828
924
374
-631
-599
-760
808
-98
-840
891
-418
946
-469
562
-416
10
-796
-758
452
-771
-5
-390
728
145
427
-875
-427
290
917
-406
621
195
256
-948
789
-334
820
-941
-534
-117
377
-659
-607
82
-197
252
379
261
-726
-835
224
-369
-657
-633
-77
-151
370
-233
-710
911
-751
-245
427
81
-300
-833
-460
-595
777
-450
188
-511
360
-249
920
-736
-666
-192
600
-160
-646
-339
-115
761
-925
-863
-256
-170
825
939
-861
918
-643
88
-219
-852
642
951
-610
687
21
-203
-323
248
-402
-895
-755
-702
582
-917
-985
-245
60
508
-3
162
615
-144
643
81
-884
542
409
974
670
152
-658
-136
-80
-52
832
953
-788
-879
-293
336
-57
-529
-705
-397
-743
821
110
-928
-167
440
1
462
509
-13
598
-551
-629
712
-851
-936
-946
850
247
-164
-556
-180
-59
846
-293
-567
-758
-643
580
-726
-639
-742
-656
-566
-272
-950
-402
-908
545
-814
976
58
-73
811
-279
-323
-890
684
184
-396
-865
-249
453
-929
165
164
625
-745
924
-783
765
-991
-674
546
30
323
-663
-920
43
252
-52
-740
237
-960
614
489
-12
184
-212
-743
-104
225
858
422
575
-317
412
901
512
-695
404
510
104
-275
-511
659
-226
273
603
-292
97
951
-896
579
-612
884
208
-182
865
-887
323
-201
734
933
768
-267
462
-237
-690
399
642
426
41
-1000
54
598
748
-496
986
836
-304
125
-643
317
64
-186
639
-197
484
-161
-417
-547
61
-747
141
177
260
456
540
776
-241
249
463
-270
795
-832
282
-257
-391
-997
694
-751
-525
739
370
270
-253
829
66
-504
219
-985
181
-109
318
69
-710
845
323
193
684
-551
-572
-251
-438
-898
-660
757
253
999
343
237
282
-339
955
-657
-681
-48
-898
26
-914
658
286
-1000
-185
115
553
4
-224
35
-313
-693
222
-164
215
-6
909
136
962
-748
-313
-955
840
557
-542
776
-29
-547
-778
251
266
-152
888
437
434
-381
-778
-512
-225
-383
-375
550
-361
968
193
30
-123
79
371
-805
-562
931
457
-601
504
-795
-741
-182
255
923
-675
493
-798
-371
893
-42
-759
352
353
-93
129
-228
-627
-250
-1000
-582
388
-964
-935
-945
407
-185
705
63
-214
297
-366
891
197
-414
-296
714
328
336
769
-915
-15
-646
462
-500
-87
-445
136
813
807
766
-232
350
-21
322
-141
-674
481
-337
-940
-214
-197
784
-498
-342
318
-856
832
-475
256
62
357
-419
-26
-266
962
922
-358
864
147
876
-227
429
467
-494
-862
608
-513
901
88
-497
932
-855
832
-420
583
-616
-24
270
-466
335
832
950
-444
464
-837
458
162
485
-827
-417
-788
-358
-361
-7
-939
717
267
-879
-445
-903
-148
-382
76
16
135
-290
-290
106
-828
-221
-194
795
492
275
-529
95
-526
-882
-25
84
947
949
-63
-93
-497
135
26
160
193
545
443
-894
-567
7
-776
205
187
-755
-618
-114
-622
934
-116
-219
122
-717
-157
365
149
-964
-201
694
-284
523
540
-534
-731
746
968
305
-674
418
-112
649
186
711
-397
-251
393
912
-234
60
-943
50
-759
8
-785
-216
-606
146
-574
-284
-903
558
106
-340
7
-295
-976
542
512
708
672
903
515
191
-692
-318
-202
-142
-772
-622
637
887
775
190
548
797
986
377
853
229
351
348
614
176
-340
572
891
295
-262
829
-12
510
-886
-769
660
794
-621
-539
43
822
-395
-376
13
398
879
959
-398
242
545
-683
-568
-607
364
-627
728
-890
583
216
-359
-307
-639
-936
-531
26
822
-610
140
402
73
951
72
777
878
-347
-169
-826
568
40
7
-238
-614
-328
-468
442
770
-869
872
-639
774
898
-727
-240
-859
-319
717
-892
-907
59
-467
227
594
-909
-483
-103
957
744
-337
778
858
391
257
-409
-844
221
-861
20
-225
-797
993
-782
-228
-69
-459
611
-878
-160
-841
193
360
-667
-235
-444
-606
772
298
-787
852
910
-760
-997
31
736
-649
-227
610
-681
-905
-61
753
401
747
140
873
-233
346
711
739
-242
-325
-567
-696
-743
-388
-446
838
-707
907
-702
882
153
797
773
568
606
374
99
-358
58
513
-577
-173
-980
720
-564
385
975
-681
-806
369
-464
-619
-810
94
-630
-911
-738
-421
-275
235
-632
-926
226
-436
-576
537
462
-292
881
493
-933
407
406
254
-273
-831
-463
-276
-742
-26
984
222
324
685
609
313
-841
-575
-738
-977
-494
-713
679
-311
215
-366
-378
-636
788
437
208
-636
147
-996
-484
579
-178
-534
836
-906
179
477
-530
-487
-896
909
-896
-532
872
230
-19
-509
-972
-886
580
-736
834
-37
231
736
516
-615
287
-324
6
-258
899
464
-308
150
902
225
394
82
659
943
-616
-290
-501
-500
791
-271
-571
889
-86
-256
-39
775
991
-685
366
-801
-476
-760
247
-747
-509
34
-932
57
-679
-290
154
-420
577
-228
-15
-709
-78
-904
-836
312
412
-281
-631
-222
618
209
-421
-438
-34
-875
-824
569
-445
299
695
-385
-863
-380
-295
-933
963
397
-532
-31
-917
-124
-289
841
485
554
-503
217
-570
711
917
941
382
472
899
681
282
-940
593
264
-309
-258
-576
-790
217
-758
16
-422
772
-560
451
397
-15
995
764
904
988
322
723
718
850
684
-107
-432
69
-215
-647
18
-677
966
691
546
443
334
-718
279
-783
-434
628
336
398
-694
-340
759
914
-745
-617
-225
312
-855
-78
-461
333
-869
68
-66
462
-847
-87
642
72
-725
-645
364
-53
842
328
-91
49
-449
-309
-302
-722
-211
599
-318
-231
-904
430
-583
-821
-974
397
222
356
512
159
-637
-555
-871
174
881
-65
704
776
-791
368
334
156
483
-561
380
-144
920
243
33
99
514
985
592
-50
-304
38
-865
25
856
-727
-366
473
-851
209
609
-241
-128
-424
390
-191
-876
-69
-893
698
97
525
636
-541
-782
-835
-488
43
-406
875
528
391
-425
-774
-392
506
701
-832
469
212
67
993
277
792
631
-162
224
-837
79
-395
132
-334
826
501
131
797
506
-542
-184
567
444
-979
473
-691
964
-72
289
945
847
-714
220
654
-27
-367
-273
-419
-328
228
-820
234
579
-123
19
25
-614
-188
-118
182
-760
-257
-600
-932
8
251
596
-381
-914
-373
240
-571
90
943
369
972
-15
328
-89
26
842
-66
935
316
780
398
973
-135
-104
288
-141
-717
-498
349
-632
-870
-53
-436
258
-248
842
-761
-705
716
-707
-14
-776
-281
304
301
-766
-195
-524
-43
608
-990
376
814
906
-562
778
-303
407
-386
62
783
424
-985
-268
329
788
-387
777
77
198
-520
292
71
-364
519
-252
912
-107
730
-128
676
-768
144
324
491
-782
141
-892
-507
-755
-605
-869
-431
211
-122
582
-371
-738
-678
394
276
954
-557
395
623
-873
283
-435
0
734
-359
419
66
471
417
-412
68
-595
-461
-656
511
351
-890
-442
-269
34
-465
986
1
26
-480
-17
-66
-196
502
-998
252
524
103
-579
-432
-965
383
278
32
-300
678
126
142
-229
-312
799
-806
425
796
-320
-692
-488
166
-718
327
989
-410
-253
834
-254
-247
-650
203
-134
-228
777
684
-978
971
824
-831
697
160
-853
-878
971
607
417
895
793
-876
197
852
192
-857
-612
-11
995
-571
-77
-21
977
286
612
-750
-41
89
431
-43
411
-826
-487
70
18
890
724
-27
553
360
53
137
433
-677
474
-44
-698
677
225
-464
418
-865
418
-285
-634
83
-658
420
-806
-91
574
-543
-305
852
-350
-703
98
-938
655
-536
-566
-345
-277
179
31
237
195
-569
460
808
109
598
392
931
989
-778
-283
-392
-731
-415
438
744
110
-18
134
29
117
-539
484
811
692
989
263
803
699
-21
-431
-903
-875
-823
-799
999
823
-137
-93
527
-401
159
-267
356
899
-333
772
350
498
865
-871
405
-337
167
218
42
-862
774
619
-797
119
-863
-603
-550
-912
-961
-95
171
-699
316
247
745
-669
-343
328
-116
327
-607
407
-152
-923
485
545
-969
741
-481
-510
-644
801
535
526
-354
793
903
-266
-769
-592
250
-915
25
-306
971
-745
-973
-305
-80
-926
-850
-345
307
-908
56
243
431
636
-792
316
509
-236
-762
-241
-909
-528
-445
-606
-408
-129
877
-774
292
976
358
803
998
520
-600
266
-377
464
755
-42
-767
-53
-413
-1000
-337
-882
-220
10
-68
-174
-116
820
-464
-21
856
511
-802
691
-846
-55
-531
814
-133
116
-797
828
-750
940
808
-720
164
495
-329
335
376
378
-730
334
963
-534
-1
328
654
-873
-193
225
-558
893
845
-4
-527
554
-446
412
531
-322
809
749
-810
-810
-885
-985
-602
499
-493
-288
-153
-357
81
-477
-520
334
-659
695
-86
236
583
-352
591
-702
547
-168
112
-707
-291
107
800
-349
256
-46
-24
-57
202
751
-291
-583
787
299
-582
827
-465
-799
-450
170
42
278
517
779
815
72
-239
-341
-402
-720
-823
889
-414
-565
-77
-733
855
87
-818
884
-72
824
20
-490
-190
-614
980
-596
986
-908
969
-361
85
-87
566
47
812
-419
-437
-580
-742
-990
143
316
378
-273
-42
821
461
387
912
-484
945
-572
-47
-428
152
-409
581
-740
16
-503
148
717
249
-308
-198
-949
-834
572
335
279
-826
-227
94
-68
-747
-769
499
-735
445
-932
-936
973
-262
226
823
-330
26
-155
990
-183
765
-5
915
194
-674
43
-269
51
-773
789
442
-547
-550
855
136
34
653
139
-269
402
-205
141
285
-879
726
871
-353
790
123
554
-974
-548
-532
-415
56
-26
438
361
-188
-658
562
-797
854
14
882
473
61
-570
-383
-526
-449
892
-152
862
269
10
-971
-777
-843
387
-875
-722
642
-34
697
-75
-271
-440
134
-854
730
-816
-298
-457
327
-717
-491
374
44
560
-236
564
-549
-454
-503
-46
-55
580
-799
710
-93
397
804
129
998
-880
566
-416
600
214
130
-274
-291
-580
-101
659
-908
-345
897
-989
623
-264
-697
-758
913
866
333
482
-293
-278
399
245
-48
929
803
-88
522
-452
-908
-391
323
-250
949
-762
261
-194
389
982
708
-527
47
-829
811
-947
-323
-682
-762
301
71
-93
-269
-931
390
-35
175
640
549
-4
625
849
658
-800
64
783
-910
323
645
-643
868
951
-931
320
-706
167
485
751
-623
-120
-783
-665
-760
159
559
981
-861
426
521
-87
848
687
938
514
920
719
-529
-823
-125
498
954
-56
178
627
493
-957
916
42
-188
-560
151
-576
-207
-167
-532
878
-433
-376
-337
716
108
489
-265
3
-656
-197
950
-753
593
-740
491
723
509
-834
-278
-735
-842
640
386
-998
-180
380
384
478
-556
648
152
882
-329
-966
4
705
-670
774
215
969
-698
6
-391
-964
5
145
38
282
-365
782
666
770
751
-366
605
193
907
258
648
-279
583
-273
526
-279
392
-872
710
-474
759
-599
-847
-928
164
324
-407
934
571
-307
15
197
-38
-703
97
857
-536
-333
294
597
723
-420
-232
-502
636
-402
299
988
-205
939
335
-676
-201
470
-829
462
-74
354
361
269
283
477
-223
-131
-434
-311
725
-557
-818
256
484
388
-692
248
610
-302
-705
994
599
-720
-520
252
-253
-100
362
-536
-765
751
72
875
86
-276
-145
-593
17
-674
-487
-60
670
100
935
-48
67
178
731
-848
810
-296
-686
-346
-958
-189
-903
454
-399
380
962
405
264
361
850
329
495
-12
62
-903
321
-613
-745
-171
-763
-208
743
250
983
505
-698
775
-80
273
-84
813
219
-773
364
674
593
-859
504
370
763
-441
-254
-163
-183
-391
274
474
-598
-119
-574
-820
761
621
-262
561
-846
-357
-597
451
151
-535
651
-463
970
173
-943
-869
-9
-807
715
-318
-758
480
406
360
-245
-239
-369
230
-348
-897
-527
-495
-882
-617
-881
595
375
574
569
-252
412
741
-592
534
-49
-923
-844
-872
94
-183
918
342
-226
420
748
147
-774
422
-373
-254
-321
215
-628
198
982
-424
-401
929
-492
20
-720
514
178
665
-222
-446
-192
-756
985
-219
485
-124
-528
-307
575
528
-718
-530
781
565
8
193
301
-659
405
-104
-501
-759
140
-368
-31
-228
-652
-964
656
-120
-107
975
-175
-184
144
72
655
285
-240
-776
-289
-867
-892
76
32
890
-148
199
-609
-966
-888
-28
292
-1000
-602
-675
739
89
791
-895
219
-313
