331
270
399
-139
42
993
-313
185
260
-646
-533
-62
606
276
415
797
813
646
-5
609
-376
624
-489
674
663
779
-666
-639
970
-978
661
-453
530
3
519
406
-131
-582
-867
-473
-30
563
147
24
367
-769
-152
947
893
-192
535
981
371
915
236
296
289
-59
941
-441
244
-434
687
-884
-843
95
-60
316
-244
-140
-757
-637
-374
176
977
197
-260
498
-228
-853
854
498
322
-979
-901
540
64
-275
-553
419
-688
-81
-776
-210
658
-159
-116
-241
598
688
949
-991
385
579
-278
104
-160
819
-243
-543
476
957
393
-862
412
553
398
196
751
203
-192
-445
70
146
696
754
-730
-190
699
-223
-631
307
-301
-409
-951
-8
-176
781
564
855
236
846
491
536
-703
916
34
-549
523
153
626
-976
983
31
-616
608
-163
468
975
-793
-897
434
192
943
-547
56
-309
-12
-788
-471
-319
-319
-985
993
-330
-201
708
-591
-225
-573
-153
-7
89
-454
637
522
689
-892
919
-985
911
957
288
265
-173
-531
-253
-650
546
-152
907
-633
-968
472
-786
-573
854
211
-70
314
-97
-506
412
271
-740
360
620
-823
-400
-333
437
299
632
637
120
611
500
542
838
-31
-270
416
-162
-80
-561
-5
-479
-14
922
447
-178
20
609
344
-180
610
-138
-916
-404
-383
514
958
980
-535
458
-18
-435
755
608
769
160
-568
652
-452
-717
346
-474
684
728
402
451
38
868
283
-604
200
675
171
-780
9
590
-26
-789
738
177
-581
628
533
-949
-18
541
978
-831
479
601
689
-322
818
81
-271
413
721
541
-435
33
-246
855
244
139
-97
-579
-987
369
674
-862
-493
185
-116
-468
217
674
-220
580
671
-865
-322
-918
-437
-94
-666
890
924
747
639
883
145
-368
-839
428
176
-298
-846
-533
340
620
-304
353
-740
919
891
955
-817
819
521
-783
557
652
-330
-219
666
-136
-901
658
-17
893
794
-96
141
-337
447
-70
691
187
-388
-985
-14
752
-962
-964
580
465
-65
181
-325
-720
-184
-201
154
-582
-635
272
300
-275
780
-792
148
-129
305
616
961
-515
678
-946
307
515
-828
-635
711
-621
-683
-764
-508
822
889
-441
-164
-976
497
13
-283
202
877
-865
968
-642
-441
278
833
-878
-642
952
-844
273
-84
832
888
147
261
678
332
752
-899
278
886
-297
-102
-630
-457
439
472
-952
993
-715
-697
-298
553
-888
-933
-701
549
874
966
-852
532
-270
745
893
-257
-698
269
663
975
-566
-896
179
-752
542
397
-965
-270
899
-18
-172
-595
644
-286
-787
394
-562
105
655
437
-697
-482
749
-794
244
415
866
864
836
-854
624
66
-61
625
527
623
-530
-460
534
-260
-944
-802
440
-14
386
-382
-284
-77
-802
23
796
-818
-702
962
-921
-655
-727
-902
270
67
-988
200
-597
-631
-303
399
899
-95
-633
-39
145
-273
857
303
-661
-623
943
865
819
871
583
233
405
315
236
-437
-888
744
-787
557
537
835
159
42
468
-226
551
168
-578
679
-874
-813
626
858
756
825
-934
-863
-275
-950
842
-622
-378
-747
-256
448
-886
-615
605
859
579
656
413
-386
665
-229
894
135
703
-243
-682
-292
640
376
-945
-106
-457
996
-708
-873
-479
-111
69
-566
-488
558
-56
127
-378
-71
-280
914
-886
-343
386
-843
-269
-54
-504
744
957
202
23
677
-999
708
882
929
460
153
-947
429
943
-461
-65
895
-233
194
142
-386
-797
243
596
658
237
-974
41
639
-282
-540
627
407
66
612
90
-116
-664
657
-580
805
-52
-848
522
316
818
562
-579
-56
-483
-601
-110
-936
-370
-344
-604
-325
938
-223
-670
-854
-337
-883
-657
609
-253
633
-471
744
384
911
-10
601
-871
-840
-15
-102
-697
510
291
801
-492
-545
-802
740
-875
763
528
-457
-744
0
558
-919
394
196
-639
828
538
206
845
937
-396
-932
-43
-322
570
-191
348
-199
937
-755
-708
746
278
-913
-601
-375
-692
344
235
-122
-788
-947
273
-645
400
-720
-960
495
444
925
603
326
588
873
76
685
-424
-740
-933
-367
-915
676
561
408
-110
-346
-353
527
-60
333
572
-979
-701
-396
-576
-604
-965
-359
374
-999
451
243
-737
443
447
101
-262
-211
-359
-139
496
615
-783
-781
-152
-628
-804
444
16
-660
254
51
-568
-514
664
-358
554
946
-822
-905
906
110
575
618
-464
-158
-54
-556
419
-352
-12
835
-554
181
905
-660
80
-971
655
-694
-212
-307
305
481
955
280
-700
367
-99
660
93
-23
-684
-453
346
606
556
569
934
-180
556
496
-722
998
-176
7
870
-608
519
989
883
-368
-97
658
-197
34
190
-466
135
-849
115
-138
198
-636
-291
-789
-393
903
-971
508
96
-211
-666
-270
-164
-835
34
-900
323
-370
-982
944
-530
-677
-974
493
295
-973
613
-209
-858
160
311
619
492
971
468
999
637
-777
-467
-260
-229
-825
-122
-128
275
-278
795
755
0
-591
-766
-344
-965
97
242
-994
-287
760
994
703
-429
923
734
-576
-586
400
-876
591
361
575
-210
-571
-244
346
226
325
-477
-143
606
142
-718
-982
-637
296
-204
-977
-429
637
505
-482
-220
-936
-40
-322
-993
-100
615
747
263
-478
-775
571
-33
-386
-713
-78
422
-928
-522
-471
-577
196
123
25
-390
-899
